NGC7662 23 25 53.6 +42 32 06  2000
NGC6790 19 22 56.966 +01 30 46.46 2000
NGC6741 19 02 37.10 -00 26 56.7 2000
NGC6803 19 31 16.47 +10 03 21.7 2000
NGC6751 19 05 55.561 -05 59 32.75 2000
NGC6781 19 18 28.085 +06 32 19.29 2000
NGC6804 19 31 35.14 +09 13 31.4 2000
IC4846 19 16 28.22 -09 02 36.5 2000
NGC6852 20 00 39.213 +01 43 40.05 2000
NGC7293 22 29 38.541 -20 50 13.64 2000
NGC7009 21 04 10.877 -11 21 48.26 2000
NGC6326 17 20 46.252 -51 45 15.17 2000
IC2149 05 56 23.862 +46 06 17.50 2000
IC2165 06 21 42.775 -12 59 13.96 2000
NGC2867 09 21 25.38 -58 18 40.9 2000
IC2448 09 07 06.262 -69 56 30.57 2000
IC2501 09 38 47.146 -60 05 30.52 2000
IC2553 10 09 20.81 -62 36 48.5 2000
NGC3211 10 17 50.544 -62 40 12.10 2000
IC2621 11 00 19.99 -65 14 57.8 2000
IC289 03 10 19.30 +61 19 01.0 2000
IC3568 12 33 06.871 +82 33 48.95 2000
NGC1501 04 06 59.39 +60 55 14.4 2000
NGC3918 11 50 17.77 -57 10 56.4 2000
NGC3699 11 27 57.70 -59 57 28.0 2000
NGC5307 13 51 03.322 -51 12 20.77 2000
NGC40 00 13 01.01014 +72 31 19.0944 2000
NGC7354 22 40 19.83 +61 17 08.7 2000
NGC246 00 47 03.33818 -11 52 18.9422 2000
NGC3195 10 09 20.910 -80 51 30.73 2000
NGC5315 13 53 57.00 -66 30 50.7 2000
IC1297 19 17 23.459 -39 36 46.40 2000
NGC4361 12 24 30.76 -18 47 05.4 2000
NGC7027 21 07 01.8 +42 14 10  2000
NGC6826 19 44 48.1501 +50 31 30.264 2000
NGC7048 21 14 15.25 +46 17 16.1 2000
NGC7008 21 00 32.7 +54 32 39  2000
NGC7026 21 06 18.237 +47 51 07.15 2000
NGC6884 20 10 23.66 +46 27 39.8 2000
IC5117 21 32 30.97 +44 35 47.5 2000
NGC6891 20 15 08.838 +12 42 15.63 2000
NGC6905 20 22 22.991 +20 06 16.25 2000
NGC6543 17 58 33.423 +66 37 59.52 2000
NGC1535 04 14 15.765 -12 44 21.90 2000
NGC1360 03 33 14.64755 -25 52 17.9955 2000
NGC2392 07 29 10.76590 +20 54 42.4830 2000
NGC2371 07 25 34.68 +29 29 26.4 2000
NGC2371 07 25 34.68 +29 29 26.4 2000
IC5148 21 59 35.2 -39 23 08  2000
IC5148 21 59 35.2 -39 23 08  2000
NGC6210 16 44 29.491 +23 47 59.68 2000
IC4593 16 11 44.5445 +12 04 17.064 2000
NGC6058 16 04 26.545 +40 40 58.93 2000
NGC3242 10 24 46.107 -18 38 32.64 2000
IC5217 22 23 55.73 +50 58 00.5 2000
IC 418 05 27 28.2037 -12 41 50.265 2000
NGC5882 15 16 49.9377 -45 38 58.447 2000
IC4406 14 22 26.21 -44 09 02.0 2000
NGC5873 15 12 50.88 -38 07 31.2 2000
M57 18 53 35.079 +33 01 45.03 2000
NGC2346 07 09 22.5218 -00 48 23.612 2000
NGC5189 13 33 32.86 -65 58 27.1 2000
IC4191 13 08 47.34 -67 38 37.6 2000
PNSp 1 15 51 40.950 -51 31 28.55 2000
NGC6572 18 12 06.365 +06 51 13.01 2000
IC4634 17 01 33.57 -21 49 33.3 2000
NGC6309 17 14 04.299 -12 54 35.74 2000
NGC6369 17 29 20.45 -23 45 34.8 2000
NGC2022 05 42 06.20 +09 05 10.3 2000
M76 01 42 19.69 +51 34 31.7 2000
M76 01 42 19.69 +51 34 31.7 2000
IC 351 03 47 33.144 +35 02 48.51 2000
IC2003 03 56 22.027 +33 52 29.27 2000
NGC2438 07 41 50.51 -14 44 07.7 2000
NGC2440 07 41 54.91 -18 12 29.7 2000
NGC2452 07 47 26.27 -27 20 06.6 2000
NGC2818 09 16 01.49 -36 37 37.4 2000
NGC1514 04 09 16.9856 +30 46 33.471 2000
IC4699 18 18 32.046 -45 59 01.67 2000
NGC5979 15 47 41.16 -61 13 05.6 2000
IC4997 20 20 08.742 +16 43 53.71 2000
NGC6886 20 12 42.83 +19 59 22.6 2000
NGC6879 20 10 26.70 +16 55 21.4 2000
NGC6153 16 31 30.626 -40 15 12.31 2000
NGC6302 17 13 44.339 -37 06 10.95 2000
NGC6337 17 22 15.67 -38 29 01.8 2000
IC4663 17 45 28.28 -44 54 14.6 2000
NGC6818 19 43 58.022 -14 09 13.44 2000
NGC6567 18 13 45.17 -19 04 34.2 2000
NGC6629 18 25 42.458 -23 12 10.23 2000
NGC6644 18 32 34.70 -25 07 44.2 2000
IC4776 18 45 50.72 -33 20 34.2 2000
NGC6445 17 49 15.21 -20 00 34.5 2000
NGC6537 18 05 13.104 -19 50 34.88 2000
NGC6565 18 11 52.558 -28 10 42.35 2000
NGC6563 18 12 02.50 -33 52 07.0 2000
IC4673 18 03 18.42 -27 06 22.5 2000
M97 11 14 47.701 +55 01 08.72 2000
NGC3132 10 07 01.7645 -40 26 11.123 2000
NGC2899 09 27 03.02 -56 06 21.1 2000
NGC2792 09 12 26.561 -42 25 38.92 2000
M27 19 59 36.379 +22 43 15.75 2000
NGC6842 19 55 02.1 +29 17 22  2000

